<?xml version="1.0"?>
<opencv_storage>
<cameraMatrix type_id="opencv-matrix">
  <rows>3</rows>
  <cols>3</cols>
  <dt>d</dt>
  <data>
    1.9323687015612020e+03 0. 2.7572993031588453e+03 0.
    1.9298170916022195e+03 1.8333411163844314e+03 0. 0. 1.</data></cameraMatrix>
<distCoeffs type_id="opencv-matrix">
  <rows>1</rows>
  <cols>5</cols>
  <dt>d</dt>
  <data>
    -4.7830990853808556e-05 5.3648780562458645e-04
    1.1433761167366602e-04 8.7793466360126235e-05
    -2.2475112028927635e-04</data></distCoeffs>
<rvec type_id="opencv-matrix">
  <rows>3</rows>
  <cols>3</cols>
  <dt>d</dt>
  <data>
    9.0086729258834763e-03 9.9995860359221456e-01
    -1.2786375651712770e-03 9.9991188370224870e-01
    -9.0207054262708697e-03 -9.7391839819114048e-03
    -9.7503150275021645e-03 -1.1907877733048277e-03
    -9.9995175552690707e-01</data></rvec>
<tvec type_id="opencv-matrix">
  <rows>3</rows>
  <cols>1</cols>
  <dt>d</dt>
  <data>
    5.2193841994592879e+02 -8.1478088769493638e+02
    2.6563356549208692e+02</data></tvec>
</opencv_storage>
