<?xml version="1.0"?>
<opencv_storage>
<cameraMatrix type_id="opencv-matrix">
  <rows>3</rows>
  <cols>3</cols>
  <dt>d</dt>
  <data>
    1.1753610508502263e+04 0. 2.8073611035443300e+03 0.
    1.1782312347641942e+04 1.8169864308211304e+03 0. 0. 1.</data></cameraMatrix>
<distCoeffs type_id="opencv-matrix">
  <rows>1</rows>
  <cols>5</cols>
  <dt>d</dt>
  <data>
    4.5882181350451336e-02 -1.2997438273979243e+00
    -6.3757513650708453e-04 8.9052733522699960e-04
    -3.8792917837618424e-01</data></distCoeffs>
<rvec type_id="opencv-matrix">
  <rows>3</rows>
  <cols>3</cols>
  <dt>d</dt>
  <data>
    -2.1085638876179646e-02 9.9902218922851338e-01
    3.8859506716523981e-02 9.9977737617554285e-01 2.1039738325489554e-02
    1.5898109138812108e-03 7.7066252687171474e-04 3.8884377843333741e-02
    -9.9924341941241057e-01</data></rvec>
<tvec type_id="opencv-matrix">
  <rows>3</rows>
  <cols>1</cols>
  <dt>d</dt>
  <data>
    -6.6008803069616295e+02 -8.4399418940533724e+02
    1.5398423944856884e+03</data></tvec>
</opencv_storage>
